=== ITEM 0 ===
chunk_id: 1
text: ಜೀವನವು  ಒಂದು  ಸುಂದರವಾದ  ಪಯಣ . ಈ ಪಯಣದಲ್ಲಿ ಸಂತ  ೀಷವೂ  ಇರುತ್ತದ , ದುುಃಖವೂ ಇರುತ್ತದ , 
 ಗ ಲುವಿನ  ಕ್ಷಣಗಳೂ ಬರುತ್ತವ , ಸ  ೀಲ್ಲನ ಪಾಠಗಳೂ  ಬರುತ್ತವ . ಆದರ  ಪರತಿಯಂದು  ಅನುಭವವೂ  ನಮಗ  ಏನಾದರ  ಕಲ್ಲಸುತ್ತಲ ೀ ಇರುತ್ತದ . ಬಾಲಯದ ನಿರಾಳ  ನಗು , 
 ಯೌವನದ  ಕನಸುಗಳ  ಹಾರಾಟ , 
 ಜವಾಬಾಾರಿಗಳ  ನಡುವ  ಸಾಗುವ  ಪೌರಢ  ಜೀವನ  — 
 ಇವ ಲಿವೂ  ಜೀವನದ  ವಿಭಿನನ  ಬಣಣಗಳು . ಕನಸುಗಳನುನ  ಕಾಣುವುದು  ಸುಲಭ , 
 ಆದರ  ಅವುಗಳನುನ  ನಿಜವಾಗಿಸುವುದು  ಪರಿಶ್ರಮ ಮತ್ುತ ಸಹನ ಯಂದ  ಮಾತ್ರ  ಸಾಧ್ಯ. ಸವಾಲುಗಳು  ಬಂದಾಗ  ಭಯಪಡದ , 
 ಅವುಗಳನುನ  ಎದುರಿಸುವ  ಧ ೈಯಯವ ೀ ವಯಕ್ತತತ್ವವನುನ ಗಟ್ಟಿಗ  ಳಿಸುತ್ತದ .
page: 1
source: kannada.pdf
language: kn
embedding: [0.026034006848931313, -0.041776735335588455, 0.0001631761115277186, 0.0015128947561606765, -0.08566512912511826, -0.005114991683512926, 0.03645971789956093, 0.00968110654503107, 0.004084690008312464, -0.028618156909942627, 0.11765674501657486, -0.04829852283000946, 0.11004520207643509, 0.01753700152039528, -0.0167214535176754, 0.05834610015153885, -0.04784359410405159, 0.07610521465539932, -0.03716980293393135, 0.033304039388895035, 0.008228655904531479, 0.03418802097439766, 0.00836629793047905, 0.01200167741626501, 0.005522444844245911, -0.0036567982751876116, -0.03584952652454376, 0.06451521068811417, 0.0109395207837224, 0.024305488914251328, -0.024968041107058525, 0.01846200041472912, -0.0053551639430224895, 0.015225999057292938, -0.022248446941375732, 0.008276808075606823, -0.036006588488817215, 0.0061952341347932816, 0.04874600097537041, 0.07745783776044846, -0.018018243834376335, -0.06826471537351608, 0.05199197307229042, -0.03948003798723221, -0.005804750602692366, 0.046885211020708084, -0.04108250513672829, 0.021170426160097122, -0.047049906104803085, -0.041621141135692596, -0.04125425964593887, -0.005010753404349089, -0.13199996948242188, 0.10777463018894196, -0.017159951850771904, -0.023414114490151405, -0.018043752759695053, -0.048317886888980865, -0.026919346302747726, -0.004994063172489405, -0.04630710929632187, 0.06949146091938019, 0.03460247814655304, 0.05090750753879547, -0.07799670100212097, 0.004877320025116205, -0.020961804315447807, 0.03054143860936165, -0.001711582881398499, 0.1228090301156044, 0.025229044258594513, 0.027046285569667816, -0.0693192183971405, -0.01155056245625019, -0.08396932482719421, -0.03762276470661163, 0.057860422879457474, -0.0009605488157831132, 0.033125169575214386, -0.04619830101728439, -0.12643644213676453, 0.00756629416719079, 0.07550258189439774, -0.03710314258933067, -0.08943821489810944, 0.047099292278289795, -0.09780355542898178, -0.06251394003629684, 0.00032403014483861625, -0.007720526773482561, -0.015026286244392395, -0.013956201262772083, 0.04534919932484627, 0.02322688326239586, -0.012999762780964375, -0.038025982677936554, 0.05706660449504852, 0.009253788739442825, -0.0074708242900669575, -0.0323345847427845, 0.01046795304864645, -0.058261651545763016, -0.017024563625454903, -0.006028305739164352, 0.0033553708344697952, -0.04325577989220619, -0.01616409793496132, -0.03646310418844223, 0.038620151579380035, -0.03296554461121559, -0.013047578744590282, -0.13290567696094513, 0.04784134030342102, -0.16590562462806702, -0.04680290073156357, 0.07359571754932404, -0.13745571672916412, 0.042550358921289444, 0.0699496939778328, 0.0363636277616024, -0.020619602873921394, 0.0481814406812191, -0.026754552498459816, -0.04428120702505112, -0.05757248029112816, -0.05015487223863602, 0.0031329779885709286, 6.614899033316599e-33, -0.011283107101917267, 0.045518845319747925, 0.07751874625682831, 0.007786931470036507, -0.037458356469869614, -0.029497794806957245, -0.08261048793792725, -0.001307340688072145, -0.02580641210079193, -0.05934268608689308, 0.060996703803539276, 0.014247567392885685, -0.06908203661441803, 0.02860386297106743, -0.06759001314640045, 0.006849483586847782, 0.03194420039653778, 0.014977430924773216, 0.03567824885249138, -0.0314108170568943, 0.03203096240758896, 0.11305548995733261, 0.037978142499923706, 0.04515829309821129, -0.02545470930635929, -0.020868202671408653, 0.02775590308010578, 0.007766845636069775, -0.04923880100250244, 0.03434119373559952, -0.010960248298943043, -0.019397052004933357, -0.007749092299491167, 0.0037418422289192677, -0.06655445694923401, -0.02044549211859703, 0.004623490385711193, 0.0009511579992249608, -0.03953137993812561, -0.0784585103392601, -0.09158895164728165, -0.044409703463315964, -0.08329945802688599, -0.011377285234630108, 0.047781508415937424, 0.012185787782073021, 0.005024225916713476, 0.0021947850473225117, 0.011615668423473835, -0.070126473903656, -0.012543785385787487, -0.020330755040049553, 0.04446901008486748, 0.042670320719480515, -0.038256194442510605, -0.004727837163954973, -0.015094160102307796, 0.09858576953411102, -0.0037021113093942404, -0.011554313823580742, -0.07684004306793213, -0.01901952736079693, 0.061005402356386185, 0.0033459095284342766, -0.013507681898772717, 0.009118477813899517, -0.032748714089393616, -0.007934886030852795, 0.05963902920484543, 0.006066164001822472, -0.025022095069289207, 0.016291290521621704, -0.06988257169723511, 0.09245339035987854, 0.007220735307782888, 0.002046810230240226, -0.033451274037361145, -0.06258289515972137, -0.05938788875937462, -0.01758170872926712, -0.10901007801294327, -0.0003338599344715476, -0.13190840184688568, -0.03390146419405937, -0.04750640690326691, 0.07409265637397766, 0.02554227039217949, -0.053887370973825455, 0.04925447329878807, -0.055227477103471756, -0.12873320281505585, 0.006342855282127857, 0.029152369126677513, 0.0044371639378368855, -0.03083285316824913, -1.262729255964748e-32, -0.03708261623978615, 0.10186459124088287, -0.0664883479475975, 0.019015124067664146, -0.07197835296392441, -0.018578460440039635, -0.010401285253465176, -0.03482088819146156, 0.047814782708883286, 0.09836012870073318, -0.11045584827661514, -0.06424155831336975, -0.056376371532678604, -0.13475078344345093, -0.030622366815805435, 0.018470535054802895, 0.04081447049975395, 0.04549410194158554, -0.010337031446397305, -0.009222176857292652, -0.010051557794213295, -0.10008751600980759, -0.17651373147964478, -0.009197688661515713, -0.03730504587292671, 0.006964321248233318, -0.01724543422460556, 0.03956148028373718, 0.10491707921028137, 0.07889246940612793, 0.016920583322644234, -0.06309408694505692, 0.049556292593479156, 0.057707302272319794, -0.02454288862645626, -0.011218038387596607, 0.023532412946224213, -0.057454902678728104, -0.06620635092258453, -0.0214790441095829, -0.0028952599968761206, 0.05060136690735817, 0.04115215316414833, 0.09513473510742188, 0.03895373269915581, -0.02385944314301014, -0.08512531220912933, -0.01750143989920616, -0.09409582614898682, -0.10215477645397186, 0.0132190752774477, -0.07226729393005371, -0.05967250466346741, -0.10389281064271927, 0.0129771763458848, -0.014543388038873672, 0.030085744336247444, -0.02708863839507103, -0.01365826278924942, -0.03785032778978348, -0.006705384235829115, -0.051921527832746506, 0.050011977553367615, 0.10049933940172195, -0.0008362614898942411, -0.0005698378663510084, -0.07092880457639694, -0.018213260918855667, -0.004557160194963217, -0.09355688840150833, -0.00222997204400599, 0.01761002466082573, -0.044863615185022354, -0.046665772795677185, 0.018684860318899155, 0.021883683279156685, -0.013290470466017723, 0.04089321568608284, -0.05785060673952103, -0.00896771252155304, 0.029028134420514107, -0.02198515646159649, 0.0014489229070022702, 0.09632236510515213, -0.027643276378512383, -0.04243753105401993, 0.05815046653151512, 0.06955184787511826, -0.007837751880288124, 0.02371826581656933, 0.03594342619180679, 0.05976976826786995, 0.03496825322508812, 0.11833169311285019, 0.01820782944560051, -5.4579242458885346e-08, -0.027860969305038452, -0.046104930341243744, 0.03551890328526497, -0.008151251822710037, 0.00700025912374258, -0.039239831268787384, -0.010480151511728764, 0.04298089072108269, 0.06881745159626007, -0.045999784022569656, 0.0302078016102314, -0.0015176350716501474, -0.0899447649717331, 0.007806086912751198, 0.07157408446073532, 0.029937274754047394, 0.0013462519273161888, 0.033068276941776276, 0.027485977858304977, -0.03177665174007416, -0.030714858323335648, -0.06467185914516449, -0.0031662527471780777, 0.01174403727054596, -0.012821979820728302, 0.057078029960393906, -0.09388085454702377, -0.0011297184973955154, 0.0015432204818353057, -0.0067220949567854404, 0.028722133487462997, -0.0355866439640522, -0.009855381213128567, -0.08973223716020584, 0.00035249843494966626, 0.07831402868032455, -0.00010189478052780032, -0.02791225165128708, 0.020831821486353874, 0.017079584300518036, 0.03277106583118439, -0.0845784991979599, -0.05621349439024925, 0.003276258008554578, 0.03398273140192032, -0.03169400244951248, 0.0243531446903944, 0.008042742498219013, -0.03386320546269417, -0.09226362407207489, -0.005093016196042299, 0.009720147587358952, 0.06000266224145889, -0.07647160440683365, -0.039601560682058334, 0.0334974005818367, -0.015489477664232254, 0.01763511449098587, 0.016843531280755997, -0.030220242217183113, 0.045751653611660004, 0.1233697459101677, 0.06512881815433502, 0.06557866930961609]

=== ITEM 1 ===
chunk_id: 2
text: ತ್ರ  ಸಾಧ್ಯ. ಸವಾಲುಗಳು  ಬಂದಾಗ  ಭಯಪಡದ , 
 ಅವುಗಳನುನ  ಎದುರಿಸುವ  ಧ ೈಯಯವ ೀ ವಯಕ್ತತತ್ವವನುನ ಗಟ್ಟಿಗ  ಳಿಸುತ್ತದ . ಒಮ್ಮೆ ಸ  ೀತ್ರ  ಅದು  ಅಂತ್ಯವಲಿ, 
 ಅದು  ಮತ  ತಮ್ಮೆ ಪರಯತಿನಸಲು  ಸಿಗುವ  ಅವಕಾಶ್ . ಪರತಿ  ಬ ಳಿಗ ೆ ಹ  ಸ  ಆಶ ಯನುನ  ತ್ರುತ್ತದ , 
 ಪರತಿ  ಸಂಜ  ದಿನದ  ಪಾಠಗಳನುನ  ನ ನಪಿಸುತ್ತದ . ನಂಬಿಕ  ಎಂಬುದು  ನಮ್ಮೆಳಗಿನ ಶ್ಕ್ತತ. ನಮೆ  ಮ್ಮೀಲ  ನಂಬಿಕ  ಇಟ್ಾಿಗ, 
 ಅಸಾಧ್ಯವ ನಿಸಿದ ದಾರಿಗಳೂ  ಸುಲಭವಾಗುತ್ತವ . ಪರಿಶ್ರಮದ  ಬ ವರು  ಒಣಗುವಷಿರಲ್ಲಿ , 
 ಯಶ್ಸಿಿನ ಹ ವು  ಅರಳುತ್ತದ .
page: 1
source: kannada.pdf
language: kn
embedding: [-0.029009312391281128, 0.014526552520692348, -0.04288586601614952, -0.017916789278388023, -0.1365293711423874, 0.005863414611667395, 0.002798066707327962, -0.01902981474995613, 0.005407276563346386, -0.03020358458161354, 0.18173708021640778, -0.09530956298112869, -0.0044951424933969975, 0.016585813835263252, 0.0015107147628441453, 0.06406597793102264, -0.06904006749391556, 0.07631587982177734, -0.03099840134382248, -0.020466694608330727, 0.03017549030482769, 0.05423414707183838, 0.02032088302075863, 0.02142656221985817, 0.013140271417796612, 0.02303035371005535, -0.02693255990743637, 0.005816853605210781, 0.04960763826966286, -0.015407086350023746, -0.08428656309843063, 0.01683690771460533, -0.016760356724262238, -0.027592577040195465, 0.0002053429780062288, 0.01527177169919014, -0.0030691828578710556, 0.04002171382308006, 0.05386146157979965, 0.06214061379432678, -0.02609017677605152, -0.016353419050574303, 0.0422976054251194, -0.06854255497455597, 0.037716884166002274, 0.035353682935237885, -0.010909534990787506, 0.05171751230955124, -0.057325322180986404, -0.07810601592063904, -0.037450987845659256, -0.04782304912805557, -0.0551629364490509, 0.07401421666145325, -0.01764833740890026, -0.08972670137882233, 0.017524847760796547, -0.0052462234161794186, -0.0021249272394925356, 0.050895579159259796, -0.039458125829696655, 0.07020507752895355, -0.026846500113606453, 0.08283288031816483, -0.07850738614797592, -0.01922701857984066, 0.03377242013812065, 0.023514308035373688, -0.027028746902942657, 0.10576459020376205, -0.033779487013816833, -0.05004262924194336, -0.06539420038461685, -0.010408894158899784, -0.11958674341440201, -0.03376233950257301, 0.038169801235198975, -0.060597170144319534, 0.005117340944707394, -0.010534924454987049, -0.09899434447288513, 0.0716879591345787, 0.1310972422361374, -0.05741100013256073, -0.028122322633862495, 0.0553571917116642, -0.09776327759027481, -0.03218487277626991, 0.021116577088832855, -0.07624225318431854, -0.01041663158684969, 0.0008695174474269152, -0.02365580014884472, 0.007414613850414753, -0.011720544658601284, 0.0057508558966219425, 0.06759665161371231, 0.0020272035617381334, -0.021230336278676987, -0.029059330001473427, 0.012011819519102573, -0.09759025275707245, -0.02565304934978485, -0.010714150965213776, -0.028667256236076355, 0.025598036125302315, -0.008968460373580456, -0.05192112550139427, 0.04801967367529869, -0.012831254862248898, -0.019673775881528854, -0.10352674126625061, 0.007647717837244272, -0.11975228786468506, -0.07040838897228241, -0.014107679016888142, -0.1141464114189148, 0.008624143898487091, 0.08089612424373627, 0.030759405344724655, -0.08297758549451828, 0.0037070605903863907, -0.021159427240490913, -0.01003197394311428, -0.05118582397699356, -0.0984509140253067, 0.03453564643859863, 3.9749767589757825e-33, 0.017317159101366997, 0.04553813487291336, 0.026177119463682175, -0.028299972414970398, -0.003189906245097518, -0.05995132774114609, -0.04416296258568764, -0.06672976166009903, -0.06411565840244293, -0.040101613849401474, 0.07024101912975311, -0.01888999156653881, -0.07685400545597076, 0.012873196043074131, -0.04166023060679436, -0.0063232374377548695, -0.003938786219805479, 0.017589062452316284, 0.010890664532780647, -0.09823335707187653, 0.013884208165109158, 0.1737590879201889, 0.04378066211938858, -0.032927293330430984, -0.06344850361347198, -0.03370913118124008, 0.0459054559469223, -0.066420778632164, -0.0661671832203865, 0.053057972341775894, 0.036224614828825, -0.04830148071050644, -0.02297024615108967, -0.000905873195733875, -0.10580158978700638, -0.012286615557968616, -0.02073010616004467, -0.020676899701356888, -0.06941217929124832, -0.02560720220208168, -0.07658356428146362, -0.028061416000127792, -0.08679214119911194, 0.009634717367589474, 0.0004740615258924663, 0.026485122740268707, 0.023317310959100723, 0.010670015588402748, -0.03682001307606697, -0.056680306792259216, -0.010676322504878044, -0.01341492123901844, -0.03538261726498604, 0.056591201573610306, 0.0034295152872800827, -0.04148415848612785, 0.036921191960573196, 0.04618668183684349, 0.009155863896012306, 0.061640359461307526, -0.06205815449357033, -0.0665644109249115, 0.02275679260492325, -0.0261472649872303, 0.00735973147675395, -0.07173693925142288, -0.011891186237335205, -0.03379566967487335, 0.08138980716466904, -0.0591481514275074, -0.022098446264863014, -0.009978648275136948, -0.018735812976956367, 0.10973802208900452, -0.0079656932502985, 0.008930684998631477, 0.016859089955687523, -0.03440107777714729, -0.03368901461362839, 0.01999267004430294, -0.08111630380153656, -0.0012688807910308242, -0.09307695925235748, -0.035543911159038544, -0.06686866283416748, 0.005151627119630575, 0.011769839562475681, -0.06786715984344482, 0.007763609290122986, -0.03598655387759209, -0.14434407651424408, 0.017776008695364, 0.04248227924108505, -0.018619105219841003, 0.04664827138185501, -1.0682216751021226e-32, 0.013644705526530743, 0.06829647719860077, -0.06957821547985077, -0.00788091029971838, -0.0636700987815857, -0.0432194285094738, 0.05158110335469246, 0.028066985309123993, 0.038397401571273804, 0.07623298466205597, -0.051027119159698486, -0.049944356083869934, -0.003047980833798647, -0.05479080229997635, 0.02626831829547882, -0.010628004558384418, 0.042023155838251114, 0.07728635519742966, 0.031553126871585846, 0.04843170940876007, 0.026111550629138947, -0.047141022980213165, -0.16845259070396423, 0.04504181072115898, -0.024279851466417313, 0.04460751637816429, -0.04261401668190956, -0.004333884455263615, 0.03533652052283287, 0.11697139590978622, -0.004576588980853558, -0.07332625985145569, 0.04537944868206978, 0.05965049937367439, -0.024928275495767593, 0.001642877352423966, 0.013543518260121346, -0.02476240135729313, -0.08406898379325867, 0.01973230205476284, 0.015206227079033852, 0.07954616844654083, 0.08055233955383301, 0.04306088760495186, 0.02574470452964306, 0.024062803015112877, -0.05542902275919914, -0.006198684219270945, -0.08023739606142044, -0.13119100034236908, 0.056038256734609604, -0.025947291404008865, -0.02755427546799183, -0.053427036851644516, 0.04521870240569115, -0.03638447821140289, -0.00547843798995018, -0.02726530097424984, -0.04657089710235596, -0.04107166826725006, -0.020046193152666092, -0.03015521727502346, 0.022906292229890823, 0.06123439967632294, 0.04008864983916283, 0.029336797073483467, -0.008621839806437492, -0.029010921716690063, 0.0226459801197052, -0.09489981085062027, -0.00562836229801178, -0.004030896816402674, 0.012362416833639145, -0.0210978202521801, -0.02638274058699608, -0.013123976066708565, -0.008839713409543037, -0.003291037632152438, -0.06750239431858063, -0.004473530221730471, 0.020831894129514694, -0.019583996385335922, 0.025292979553341866, 0.05463224649429321, 0.02046843245625496, -0.00731698889285326, 0.050580136477947235, 0.03865497186779976, 0.06371443718671799, 0.031183362007141113, 0.0469500795006752, 0.05002112686634064, -0.011747287586331367, 0.11489278078079224, 0.11813025176525116, -5.079922615891519e-08, 0.005395641550421715, -0.07423719763755798, 0.051011454313993454, -0.01290431059896946, -0.022510459646582603, -0.05951884016394615, 0.004357371013611555, 0.048504479229450226, 0.021406544372439384, -0.07326972484588623, 0.029215214774012566, 0.04192449897527695, -0.04839077219367027, 0.046826962381601334, 0.025749528780579567, 0.02807358279824257, -0.005540651734918356, 0.04917381703853607, 0.027631768956780434, -0.10115290433168411, -0.048110995441675186, -0.04352791979908943, 0.02511575259268284, -0.02492431551218033, -0.06202434003353119, 0.051118943840265274, -0.07729954272508621, 0.033010635524988174, 0.03322775289416313, -0.033660706132650375, 0.039260830730199814, -0.013474052771925926, -0.01849331334233284, -0.06915957480669022, -0.0166177935898304, 0.034094855189323425, 0.010643044486641884, -0.05897302180528641, 0.01882767118513584, 0.007448344957083464, 0.04136950150132179, -0.04197137802839279, -0.0032500545494258404, -0.016240360215306282, 0.09844662994146347, 0.0003944265190511942, 0.043182067573070526, 0.020436381921172142, -0.024298693984746933, -0.10056862980127335, 0.014729967340826988, 0.0024464556481689215, 0.0678662657737732, -0.022544454783201218, -0.02445869706571102, 0.002593494951725006, -0.0500977449119091, 0.025831231847405434, 0.017260190099477768, -0.034217800945043564, 0.09254204481840134, 0.08341441303491592, 0.0818340927362442, 0.048061076551675797]

=== ITEM 2 ===
chunk_id: 3
text: , 
 ಅಸಾಧ್ಯವ ನಿಸಿದ ದಾರಿಗಳೂ  ಸುಲಭವಾಗುತ್ತವ . ಪರಿಶ್ರಮದ  ಬ ವರು  ಒಣಗುವಷಿರಲ್ಲಿ , 
 ಯಶ್ಸಿಿನ ಹ ವು  ಅರಳುತ್ತದ . ಜೀವನದಲ್ಲಿ ಹಣ , ಸಾಾನಮಾನ , ಖ್ಾಯತಿ ಎಲಿವೂ  ಮುಖಯವಾಗಬಹುದು , 
 ಆದರ  ನಿಜವಾದ  ಸಂತ  ೀಷವು  ಸಣಣ  ಕ್ಷಣಗಳಲ್ಲಿ ಅಡಗಿರುತ್ತದ  — 
 ಕುಟುಂಬದ  ಜ  ತ  ಕಳ ಯುವ  ಸಮಯ,
page: 1
source: kannada.pdf
language: kn
embedding: [0.022516293451189995, -0.013422558084130287, 0.0018140299944207072, 0.008549202233552933, -0.06418910622596741, -0.012462226673960686, 0.041886165738105774, -0.008283470757305622, -0.012789232656359673, -0.05516112223267555, 0.1400429904460907, -0.053791921585798264, 0.10699009150266647, 0.0028768079355359077, -0.024690335616469383, 0.0596182756125927, -0.06871102005243301, 0.08304199576377869, -0.01611689291894436, 0.023825030773878098, -0.02430984564125538, 0.04357454180717468, 0.011467747390270233, 0.007247237488627434, 0.0054740021005272865, 0.00032677690614946187, -0.014995796605944633, 0.05574639514088631, 0.010154643096029758, -0.003688769182190299, -0.012894176878035069, -0.0019430804532021284, 0.008274102583527565, 0.01747392676770687, -0.007716414984315634, 0.02791484259068966, -0.01470103021711111, -0.0023601874709129333, 0.046270743012428284, 0.08956851810216904, -0.02379406802356243, -0.11282825469970703, 0.05888766795396805, -0.028645921498537064, 0.019352881237864494, 0.0430355928838253, -0.022148726508021355, 0.04829080030322075, -0.02417602948844433, -0.0421343669295311, -0.03716541454195976, -0.010991096496582031, -0.12426384538412094, 0.1268101930618286, 0.010708347894251347, -0.013756847009062767, -0.04284628480672836, -0.06269043684005737, -0.018496073782444, -0.0052089998498559, 0.001822823192924261, 0.07053036987781525, 0.02089630626142025, 0.047669168561697006, -0.0659526064991951, 0.005230739247053862, -0.02505309507250786, 0.023480644449591637, 0.002719393465667963, 0.14140912890434265, 0.02089177817106247, 0.012751580215990543, -0.08882433921098709, -0.02931901440024376, -0.1147075816988945, -0.029735825955867767, 0.04163981229066849, -0.021438010036945343, 0.01630287431180477, -0.0495031476020813, -0.1107993870973587, -0.015196464024484158, 0.07440605014562607, -0.022226911038160324, -0.08330680429935455, 0.06044618785381317, -0.10610547661781311, -0.052847038954496384, 0.00395743316039443, -0.010746384970843792, -0.01465300191193819, 0.009123255498707294, 0.027164198458194733, 0.005098429974168539, -0.04802704602479935, -0.04360436275601387, 0.0795404314994812, -0.04146285727620125, -0.00901404395699501, -0.011997365392744541, 0.018681667745113373, -0.05268450453877449, 0.007269019261002541, -0.026247896254062653, -0.015380113385617733, -0.03738141059875488, -0.00569687457755208, -0.021243568509817123, 0.026554366573691368, 0.005549207795411348, -0.010341552086174488, -0.15632586181163788, 0.03176053613424301, -0.15617214143276215, -0.051685430109500885, 0.07399817556142807, -0.10600240528583527, 0.057259876281023026, 0.053332116454839706, 0.06788399070501328, -0.002092059701681137, 0.06105979532003403, -0.027972673997282982, -0.029082510620355606, -0.040489017963409424, -0.05206355080008507, 0.023012368008494377, 3.0079827798947212e-33, -0.006347949616611004, 0.04692835360765457, 0.06478708237409592, 0.016697000712156296, -0.05913173407316208, -0.003146898001432419, -0.07503665238618851, -0.021693071350455284, -0.030539555475115776, -0.04211052134633064, 0.03325880691409111, 0.01622522436082363, -0.07241597771644592, 0.023225411772727966, -0.04516210779547691, -0.016865530982613564, 0.013270021416246891, 0.007100869435817003, 0.03291109949350357, -0.0033303068485111, 0.022787408903241158, 0.10647878795862198, 0.029885156080126762, 0.029092799872159958, -0.011055483482778072, -0.032427094876766205, 0.04334202781319618, 0.0065599544905126095, -0.018375517800450325, 0.039967332035303116, 0.0027227348182350397, 0.000952403002884239, -0.030845189467072487, -0.02019466646015644, -0.06476705521345139, -0.011152341030538082, -0.021089423447847366, 0.042802050709724426, -0.045797910541296005, -0.0391419418156147, -0.05953863263130188, -0.05558701232075691, -0.07651260495185852, 0.0016183351399376988, 0.04303900897502899, 0.039918798953294754, 0.0024388786405324936, 0.01855413243174553, 0.02572929672896862, -0.06604745984077454, -0.01425036322325468, -0.022296786308288574, 0.009907121770083904, 0.041056543588638306, -0.02530471608042717, -0.04340137913823128, -0.018466537818312645, 0.07038968056440353, 0.00688090268522501, -0.0061110202223062515, -0.04516981542110443, -0.03428303450345993, 0.05432865023612976, -0.0006154608563520014, -0.03350389748811722, 0.0028992921579629183, -0.03704603761434555, -0.005689940415322781, 0.07439608126878738, 0.02288041263818741, -0.05541066825389862, 0.010703107342123985, -0.03118772804737091, 0.09095128625631332, -0.0426228865981102, 0.002625603461638093, -0.03702198341488838, -0.07384105026721954, -0.0411129966378212, -0.01600843109190464, -0.1107843816280365, -0.001689740689471364, -0.08682425320148468, -0.03937368839979172, -0.012714622542262077, 0.06324704736471176, 0.032772377133369446, -0.058929894119501114, 0.029589056968688965, -0.05087549239397049, -0.1698739379644394, 0.0006714336923323572, 0.0447441004216671, 0.004394591320306063, -0.046755921095609665, -7.568347644056341e-33, -0.022992810234427452, 0.07964521646499634, -0.061454277485609055, -0.004964023362845182, -0.05866597592830658, -0.02531431056559086, 0.02347276359796524, 0.022003397345542908, 0.045714013278484344, 0.12167583405971527, -0.09709231555461884, -0.06789933890104294, -0.02908097207546234, -0.12150625884532928, -0.007707126904278994, 0.05337901785969734, 0.04654784873127937, 0.06335245072841644, -0.023027420043945312, -0.026612646877765656, -0.00907591637223959, -0.09103167802095413, -0.13331720232963562, 0.004205751698464155, -0.039672281593084335, 0.03275999054312706, 0.0049035679548978806, -0.011895590461790562, 0.08409202843904495, 0.07248835265636444, 0.018806464970111847, -0.08484280854463577, 0.03536301851272583, 0.08380014449357986, -0.027649611234664917, -0.004815570078790188, 0.0075668636709451675, -0.03420066460967064, -0.05862148851156235, -0.007638794835656881, -0.0036167465150356293, 0.03910748288035393, 0.04230433702468872, 0.1338292509317398, 0.052770085632801056, -0.035370003432035446, -0.06676318496465683, -0.02014741860330105, -0.11036722362041473, -0.0851207822561264, -0.003979905974119902, -0.06915144622325897, -0.057904455810785294, -0.09586236625909805, 0.04923907294869423, -0.00801100768148899, 0.014181800186634064, -0.011007055640220642, 0.01128743588924408, -0.03686785325407982, 0.015101338736712933, -0.05372678488492966, 0.05149693042039871, 0.10571610927581787, 0.008735748939216137, -0.012503509409725666, -0.0447133332490921, 0.0021264550741761923, 0.016674570739269257, -0.056747667491436005, 0.01218191348016262, 0.01486144121736288, -0.040337298065423965, -0.05857568234205246, -0.017592504620552063, 0.02213766798377037, -0.009378542192280293, 0.036798641085624695, -0.049536142498254776, 0.003759688464924693, 0.011315032839775085, -0.02386224828660488, 0.029977528378367424, 0.09069319069385529, -0.036851927638053894, -0.06228470429778099, 0.05438384786248207, 0.08378295600414276, 0.010262875817716122, 0.04732163995504379, 0.03041073866188526, 0.08918840438127518, 0.041175272315740585, 0.09441214799880981, 0.02842857502400875, -4.124208530242868e-08, -0.03222719207406044, -0.05853702500462532, 0.013923002406954765, -0.02467126026749611, 0.0032610835041850805, -0.057734597474336624, 0.009973200038075447, 0.038160379976034164, 0.08545421063899994, -0.06441771239042282, 0.07442031055688858, 0.003598192473873496, -0.0880957618355751, 0.024918770417571068, 0.08759519457817078, 0.04441855475306511, 0.013954910449683666, 0.061003804206848145, 0.02631683647632599, -0.080240897834301, 0.0038950287271291018, -0.04493154585361481, 0.012572296895086765, -0.027983183041214943, -0.03954476863145828, 0.06969617307186127, -0.0880046933889389, 0.02358483150601387, -0.02554354816675186, -0.03997772932052612, 0.034539297223091125, -0.03110264241695404, -0.025120146572589874, -0.09946056455373764, -0.049610838294029236, 0.05316350981593132, -0.0007819324964657426, -0.010638217441737652, 0.034140001982450485, -0.006409077439457178, 0.04590291902422905, -0.08522952347993851, -0.024489568546414375, 0.0011495202779769897, 0.05277536064386368, -0.03870716318488121, 0.030301911756396294, 0.032923415303230286, -0.02552686631679535, -0.08829046040773392, -0.02149246633052826, 0.008048309944570065, 0.0616883747279644, -0.0677032470703125, -0.02325068973004818, 0.05219077691435814, 0.0024842822458595037, 0.02895643748342991, 0.002625898690894246, -0.04527122899889946, 0.05761900916695595, 0.10317470878362656, 0.06904560327529907, 0.06657402962446213]

=== ITEM 3 ===
chunk_id: 4
text: ಸ ನೀಹಿತ್ರ  ಜ  ತ  ಹಂಚಿಕ  ಳುುವ  ನಗು , 
 ಮತ್ುತ ನಮೆ  ಮನಸಿಿಗ  ಶಾಂತಿ  ನಿೀಡುವ  ಕ್ಷಣಗಳು. ಕ  ನ ಗ , ಜೀವನವು  ಸಪಧ ಯಯಲಿ, 
 ಇದು  ನಮೆನುನ  ನಾವು  ಅರಿಯುವ  ಒಂದು  ಅವಕಾಶ್ . ಹಿೀಗಾಗಿ , ಇತ್ರರ  ಂದಿಗ  ಹ  ೀಲ್ಲಕ  ಮಾಡದ ೀ , 
 ನಮೆದ ೀ  ದಾರಿಯಲ್ಲಿ ಆತ್ೆವಿಶಾವಸದಿಂದ  ಸಾಗಬ ೀಕು . ಧ ೈಯಯದಿಂದ ಕನಸುಗಳನುನ  ಹಿಂಬಾಲ್ಲಸಿ, 
 ಪರಿಶ್ರಮದಿಂದ  ಅವನುನ  ಸಾಕಾರಗ  ಳಿಸಿ , 
 ಮತ್ುತ ಪರತಿಯಂದು  ಕ್ಷಣವನ ನ  ಕೃತ್ಜ್ಞತ ಯಂದ ಸಿವೀಕರಿಸಿ  — 
 ಅದ ೀ ಸಂತ  ೀಷಕರ  ಜೀವನದ  ರಹಸಯ.
page: 2
source: kannada.pdf
language: kn
embedding: [-0.03850727155804634, 0.03472954407334328, -0.041402194648981094, -0.052360404282808304, -0.1313123255968094, 0.020771954208612442, -0.027514468878507614, -0.03004176914691925, -0.0008067525923252106, -0.04348611831665039, 0.17659306526184082, -0.10793553292751312, -0.03545045480132103, 0.014954185113310814, 0.008077296428382397, 0.042985256761312485, -0.07685404270887375, 0.06294982880353928, -0.013216936960816383, -0.06166435405611992, 0.032112862914800644, 0.06026510149240494, 0.026159439235925674, 0.03927919268608093, 0.02519340068101883, 0.02020643837749958, -0.02139776200056076, -0.007232434116303921, 0.059683021157979965, -0.023134658113121986, -0.07491640746593475, 0.04217986762523651, -0.004450912121683359, -0.03658130392432213, 0.0010879029287025332, 0.001177978003397584, -0.012729572132229805, 0.033260684460401535, 0.05355224758386612, 0.08110107481479645, -0.032002586871385574, 0.0020972464699298143, 0.03075835295021534, -0.07421663403511047, 0.03132317215204239, 0.011659442447125912, 0.002965217223390937, 0.042525842785835266, -0.052266236394643784, -0.07556689530611038, -0.020277848467230797, -0.05360344052314758, -0.027498841285705566, 0.05596395954489708, -0.015903519466519356, -0.07749272882938385, 0.03709280863404274, -0.0034213734325021505, 0.010579518042504787, 0.057133667171001434, -0.028024449944496155, 0.05411013588309288, -0.04571777954697609, 0.0699724331498146, -0.07534117996692657, -0.01188785769045353, 0.0259410347789526, 0.009680261835455894, -0.008678358979523182, 0.08254485577344894, -0.036169715225696564, -0.08250824362039566, -0.04579264670610428, -0.028860652819275856, -0.10767926275730133, -0.025387123227119446, 0.020562026649713516, -0.06566650420427322, -0.041614752262830734, -0.021114127710461617, -0.06433281302452087, 0.1024651750922203, 0.15452024340629578, -0.06518883258104324, -0.013905520550906658, 0.045462094247341156, -0.08427523821592331, -0.019610818475484848, 0.023626500740647316, -0.08678427338600159, 0.0016994229517877102, 0.025714827701449394, -0.0348953977227211, 0.011822770349681377, -0.011761126108467579, 0.04436413198709488, 0.09212090820074081, 0.0005860461387783289, -0.006219521164894104, -0.00578212458640337, 0.0018072095699608326, -0.12504582107067108, -0.03950484097003937, -0.01825539395213127, -0.04718741402029991, 0.05383056774735451, -0.003458167891949415, -0.055617183446884155, 0.031032927334308624, 0.01575586013495922, -0.007252760697156191, -0.0709761306643486, -0.004426252096891403, -0.07872912287712097, -0.06401684135198593, -0.05422207713127136, -0.07806666195392609, -0.0045466236770153046, 0.08226055651903152, 0.04923272877931595, -0.07376555353403091, -0.016844991594552994, -0.01839444600045681, -0.012078364379703999, -0.040634531527757645, -0.09320472925901413, 0.023173712193965912, 4.187686135176922e-33, 0.021494751796126366, 0.042386773973703384, 0.007027278188616037, -0.026113465428352356, 0.02476607635617256, -0.06294388324022293, -0.032130613923072815, -0.09093617647886276, -0.05902179330587387, -0.016512567177414894, 0.06411687284708023, 0.005078413989394903, -0.09326698631048203, -0.0006558428285643458, -0.0405583381652832, 0.0004297482955735177, -0.0092331413179636, 0.00894401129335165, -0.008784402161836624, -0.09465693682432175, 0.010879695415496826, 0.16541999578475952, 0.04786505177617073, -0.061043355613946915, -0.06690483540296555, -0.01346985436975956, 0.03178734332323074, -0.08279690146446228, -0.0633469671010971, 0.05345046892762184, 0.06658268719911575, -0.0551900751888752, -0.028467243537306786, -0.009306367486715317, -0.10298005491495132, -0.014012663625180721, -0.04141142591834068, -0.011279857717454433, -0.056743111461400986, 0.004862005356699228, -0.07421034574508667, -0.03079603612422943, -0.09705860167741776, 0.016155723482370377, -0.03556472808122635, 0.037355657666921616, 0.032957207411527634, 0.022245092317461967, -0.019411353394389153, -0.0316215381026268, -0.005403304006904364, -0.017048241570591927, -0.062291573733091354, 0.05254761874675751, 0.008565171621739864, -0.044998396188020706, 0.03314045071601868, 0.009611792862415314, 0.011223487555980682, 0.07580164074897766, -0.045356154441833496, -0.08844982832670212, 0.011705046519637108, -0.06390514969825745, 0.004691791255027056, -0.09578899294137955, -0.016276488080620766, -0.033591579645872116, 0.08979810774326324, -0.10076336562633514, -0.02754674106836319, -0.01756300777196884, 0.008163711987435818, 0.1057196781039238, -0.0011384792160242796, 0.0009491218952462077, 0.017582572996616364, -0.007370473816990852, -0.035718776285648346, 0.044767383486032486, -0.05784568563103676, -0.019718069583177567, -0.06192009523510933, -0.03492708504199982, -0.06291024386882782, -0.015272536315023899, 0.01665194146335125, -0.06426785886287689, 0.0028206948190927505, -0.012788222171366215, -0.14368972182273865, 0.0069359238259494305, 0.019426386803388596, -0.01294445525854826, 0.08620099723339081, -1.0836739891540631e-32, 0.03853992372751236, 0.03669589385390282, -0.04724274203181267, -0.04078567773103714, -0.05191681534051895, -0.05232531204819679, 0.06768033653497696, 0.03566180169582367, 0.017781853675842285, 0.059490468353033066, -0.028980616480112076, -0.008506357669830322, -0.008861120790243149, -0.03738320991396904, 0.015939338132739067, -0.0397050678730011, 0.022999506443738937, 0.06989533454179764, 0.0509682260453701, 0.06431253254413605, 0.016943462193012238, -0.06499332934617996, -0.16033105552196503, 0.041504234075546265, -0.0011669548694044352, 0.05464529991149902, -0.023118477314710617, -0.036000609397888184, 0.04227937012910843, 0.1002485528588295, -0.006751035340130329, -0.06618525087833405, 0.048445649445056915, 0.07024211436510086, -0.03264088183641434, -0.00023987375607248396, -0.002482267329469323, -0.012494471855461597, -0.08433724194765091, 0.04084622114896774, 0.03408550098538399, 0.056245069950819016, 0.0785592794418335, 0.0023385293316096067, 0.024704977869987488, 0.0402960330247879, -0.060564927756786346, 0.003991096746176481, -0.07176662236452103, -0.1243627667427063, 0.09371427446603775, -0.0018970678793266416, -0.019060032442212105, -0.018237177282571793, 0.06415935605764389, -0.03464863449335098, 0.0049055456183850765, -0.033146828413009644, -0.045016657561063766, -0.05122067779302597, -0.04198963940143585, -0.019823400303721428, 0.0021985392086207867, 0.06413932144641876, 0.04150295630097389, 0.016430288553237915, 0.005561920814216137, -0.08402669429779053, 0.02088002674281597, -0.06096931919455528, -0.0026734524872153997, -0.007180794142186642, 0.029699401929974556, -0.003729339223355055, -0.05074532702565193, -0.024858221411705017, -0.005961766932159662, -0.039829760789871216, -0.06758829951286316, 0.00881992932409048, 0.012022624723613262, -0.019404789432883263, 0.03104913793504238, 0.04515446349978447, 0.002465542173013091, 0.015574240125715733, 0.05742469057440758, 0.03443074971437454, 0.06412190198898315, 0.03262649476528168, 0.06386508792638779, 0.05894334986805916, -0.014476200565695763, 0.09375996142625809, 0.1293729841709137, -4.917673379623011e-08, 0.014755542390048504, -0.08847114443778992, 0.03751838952302933, -0.0040724254213273525, -0.04443347454071045, -0.05982096120715141, 0.01747613586485386, 0.03377212956547737, 0.025463031604886055, -0.05856339633464813, 0.03928602114319801, 0.05357102304697037, -0.03980138897895813, 0.04701836779713631, 0.005026400554925203, 0.015546008013188839, -0.009561596438288689, 0.05746142938733101, 0.03521718457341194, -0.11124343425035477, -0.0700397863984108, -0.015042517334222794, 0.03162095323204994, -0.051413316279649734, -0.06387420743703842, 0.03156190738081932, -0.0652385950088501, 0.04371523857116699, 0.028365302830934525, -0.051154978573322296, 0.060768675059080124, -0.016189003363251686, -0.0037910661194473505, -0.04462910443544388, -0.014861342497169971, 0.004338734317570925, -0.012309735640883446, -0.052694812417030334, 0.006674627773463726, -0.027459729462862015, 0.027155080810189247, -0.04512115940451622, 0.01740555837750435, -0.01753888837993145, 0.10224952548742294, 0.006513067986816168, 0.0444566085934639, 0.04811260476708412, -0.003091490129008889, -0.071448914706707, 0.025663303211331367, -0.009015337564051151, 0.05339078977704048, -0.02158535271883011, -0.03779582679271698, -0.0067187584936618805, -0.042372964322566986, 0.02145160362124443, 0.007916996255517006, -0.047333769500255585, 0.07520588487386703, 0.05790405347943306, 0.0893663540482521, 0.010867643170058727]

=== ITEM 4 ===
chunk_id: 1
text: ഇവിടെ  ഒരു ടെറിയ  മലയാളം കുറിപ്പ്: 
       സ്വപ്നങ്ങൾ        
സ്വപ്നങ്ങൾ നമ്മടള മുന്നാട്ട് നയിക്കുന ടവളിച്ചമാണ് . പ്രതിസ്ന്ധികൾ വനാലും , ആത്മവിശ്വാസ്ം  കകവിൊടത  
 ഒരു ടെറിയ  െുവട്  മുന്നാട്ട് ടവച്ചാൽ ന്രാലും 
 വലിയ  മാറ്റങ്ങൾ ജീവിതത്തിൽ  സ്ംഭവിക്കും. വിശ്വാസ്ന്ത്താടെ രരിപ്ശ്മിക്കൂ, 
 നിങ്ങളുടെ സ്മയം  തീർച്ചയായും വരും .
page: 1
source: malayalam.pdf
language: ml
embedding: [0.020600460469722748, 0.011491275392472744, -0.010929099284112453, 0.018867632374167442, -0.059273961931467056, -0.012740750797092915, 0.03450519219040871, 0.022532962262630463, -0.010999459773302078, -0.05346148833632469, 0.12052810937166214, -0.06569977104663849, 0.09642703831195831, 0.0028272399213165045, -0.023523403331637383, 0.03958800062537193, -0.05735139548778534, 0.07015372067689896, -0.03450699523091316, 0.06652634590864182, -0.015369249507784843, 0.01542078796774149, 0.026404330506920815, -0.0022155018523335457, -0.00868825614452362, -0.02855909988284111, -0.01826336979866028, 0.08061680197715759, 0.0025975301396101713, 0.004961418453603983, -0.006315970793366432, 0.01857917197048664, -0.025789907202124596, 0.028306741267442703, -0.04043383151292801, 0.029636073857545853, -0.01010415330529213, -0.006027549970895052, 0.03284308314323425, 0.0634063109755516, -0.014283000491559505, -0.0713127925992012, 0.037998877465724945, -0.051516879349946976, 0.005900543183088303, 0.043833550065755844, -0.03524511307477951, 0.05413633957505226, -0.021324478089809418, -0.047163013368844986, -0.0634256899356842, -0.01581397093832493, -0.1028706282377243, 0.06621132045984268, -0.008923838846385479, 0.0030993588734418154, -0.04247358813881874, -0.06674889475107193, -0.0330752395093441, 0.0003967756638303399, -0.005899985786527395, 0.09322601556777954, 0.03458018973469734, 0.055504027754068375, -0.06470717489719391, -0.02919923886656761, -0.012723366729915142, 0.03897653892636299, -0.010578839108347893, 0.10117944329977036, 0.049501046538352966, 0.004809870850294828, -0.05275317654013634, -0.017883628606796265, -0.11574140191078186, -0.05638307332992554, 0.032008178532123566, -0.018070334568619728, 0.017002347856760025, -0.046456433832645416, -0.0963769406080246, -0.005544466432183981, 0.09169410914182663, -0.0402861014008522, -0.06718803942203522, 0.025884509086608887, -0.12348593771457672, -0.08803828060626984, -0.016514083370566368, -0.01050996407866478, 0.006865502335131168, -0.0021235451567918062, 0.04334169998764992, 0.020426861941814423, -0.018885483965277672, -0.07912568747997284, 0.052994776517152786, -0.004987111780792475, -0.012455572374165058, -0.01032741367816925, -0.0015593532007187605, -0.035222362726926804, -0.022077182307839394, -0.027538692578673363, -0.012082190252840519, -0.06240854784846306, 0.0083686588332057, -0.013737265020608902, 0.026996467262506485, -0.025563010945916176, -0.008190417662262917, -0.1662967950105667, 0.019775427877902985, -0.1551501750946045, -0.051775045692920685, 0.11644759774208069, -0.11429958045482635, 0.061149559915065765, 0.018406303599476814, 0.04170358553528786, -0.0026822052896022797, 0.07047669589519501, -0.033782538026571274, -0.04156039282679558, -0.019723359495401382, -0.07949407398700714, 0.05294448137283325, 4.4826518306028045e-33, -0.00584714999422431, 0.02854033373296261, 0.06519967317581177, -0.00021359577658586204, -0.047799475491046906, -0.0004393715935293585, -0.09547111392021179, -0.024438627064228058, -0.048977822065353394, -0.08250778913497925, 0.04832887277007103, 0.010918927378952503, -0.08045657724142075, 0.007758406922221184, -0.05977148562669754, -0.007742771413177252, -0.002624412067234516, 0.008578483946621418, 0.062372300773859024, -0.0019939627964049578, 0.022964254021644592, 0.09322480112314224, 0.03005509451031685, 0.006867405492812395, -0.007496839854866266, -0.012598960660398006, 0.052112314850091934, 0.013991023413836956, -0.030033839866518974, 0.050346292555332184, -0.033611588180065155, -0.008892437443137169, -0.03704164922237396, -0.007665218319743872, -0.0714125782251358, -0.013969291001558304, 0.0002560423163231462, -0.006622664630413055, -0.05579381436109543, -0.0643191784620285, -0.07524743676185608, -0.03753673657774925, -0.09154223650693893, -0.052953124046325684, 0.014758478850126266, 0.05269676074385643, -0.00342616718262434, 0.029959527775645256, 0.04200714826583862, -0.06819808483123779, -0.007453225553035736, -0.00838721077889204, 0.021457025781273842, 0.04068116471171379, -0.011789409443736076, -0.03506772592663765, 0.004354642238467932, 0.0719689279794693, -0.0043492866680026054, -0.034266531467437744, -0.07114614546298981, -0.04878579452633858, 0.05405978113412857, 0.007911127991974354, -0.02531704492866993, 0.036174431443214417, -0.01523919589817524, 0.0067397733218967915, 0.09002885222434998, 0.0001784809137461707, -0.03941089287400246, 0.026755226776003838, -0.06437531113624573, 0.12760865688323975, -0.043187014758586884, -0.010198298841714859, -0.02997530810534954, -0.04969753697514534, -0.03942998871207237, -0.020817315205931664, -0.09937309473752975, -0.016359562054276466, -0.09110116213560104, -0.04392053559422493, -0.03727712854743004, 0.06993308663368225, 0.052900031208992004, -0.029811227694153786, 0.0009607630199752748, -0.03983486816287041, -0.1550920158624649, 0.0003107724478468299, 0.0523688979446888, 0.02985435724258423, -0.016330618411302567, -1.0511978720399265e-32, -0.05408161133527756, 0.06981100887060165, -0.06985200941562653, 0.012040706351399422, -0.04509090632200241, -0.019213292747735977, 0.0006870890501886606, -0.0071039823815226555, 0.04901956394314766, 0.1288108080625534, -0.14660438895225525, -0.07973866164684296, -0.04597224295139313, -0.09153224527835846, -0.011843310669064522, 0.03738744556903839, 0.05430612340569496, 0.041407808661460876, -0.03776660934090614, -0.03634677454829216, -0.02986348606646061, -0.07783740013837814, -0.13436678051948547, -0.02103903330862522, -0.05640094727277756, 0.008874357677996159, -0.012330769561231136, 0.020902950316667557, 0.04646274074912071, 0.08443836867809296, 0.035788193345069885, -0.08056225627660751, 0.019431794062256813, 0.04507004842162132, -0.009516469202935696, 0.008110478520393372, 0.031072186306118965, -0.05376690626144409, -0.06029213219881058, -0.01594822108745575, -0.00855278130620718, 0.03894878923892975, -0.00017795624444261193, 0.10892603546380997, 0.041001856327056885, -0.004625863861292601, -0.02813626080751419, -0.016541842371225357, -0.11882427334785461, -0.09728013724088669, 0.0007514063036069274, -0.05498475208878517, -0.0316162034869194, -0.1440272480249405, 0.016571443527936935, -0.014340226538479328, 0.02525336481630802, -0.0232017133384943, -0.0014669374795630574, -0.05525708198547363, 0.03676978126168251, -0.0435667410492897, 0.028795814141631126, 0.11927055567502975, 0.026488065719604492, -0.0053680529817938805, -0.05237479880452156, 0.001678585191257298, 0.019363362342119217, -0.0751425176858902, -0.009908641688525677, -0.01609981805086136, -0.02782457508146763, -0.02640797384083271, -0.017589740455150604, 0.035218775272369385, -0.011573119089007378, 0.04949166998267174, -0.026950236409902573, -0.002135997172445059, 0.015818821266293526, -0.05246290937066078, 0.03712201863527298, 0.0982004851102829, -0.012897780165076256, -0.04654046520590782, 0.06274103373289108, 0.09030567109584808, -0.01809610426425934, 0.0356956347823143, 0.034952085465192795, 0.06102484092116356, 0.01688608154654503, 0.10033702105283737, 0.01798078790307045, -5.008524794902769e-08, -0.017972199246287346, -0.06846779584884644, 0.019866690039634705, 0.012275032699108124, 0.0019891622941941023, -0.031724508851766586, -0.00498470664024353, 0.04000074416399002, 0.06999698281288147, -0.02274956740438938, 0.045230306684970856, -0.008938509970903397, -0.09532869607210159, 0.050650134682655334, 0.06324300915002823, 0.048521485179662704, 0.01818428561091423, 0.05014466866850853, 0.008194388821721077, -0.07562674582004547, -0.01384143065661192, -0.07579460740089417, 0.013551417738199234, 0.004939844831824303, -0.05089302733540535, 0.06057106330990791, -0.11439356207847595, 0.006814087275415659, -0.01451125554740429, -0.034675296396017075, 0.024759851396083832, -0.033683259040117264, -0.021605588495731354, -0.04098786786198616, -0.008087974973022938, 0.04246680811047554, 0.009138126857578754, 0.007513631600886583, 0.026249051094055176, -0.005495388060808182, 0.029342450201511383, -0.10013967007398605, -0.0037351655773818493, 0.024803195148706436, 0.04170908033847809, -0.006715860217809677, 0.05371551588177681, 0.01980467326939106, -0.0267296452075243, -0.04838835448026657, -0.007442186586558819, -0.006416544783860445, 0.09943566471338272, -0.06488563120365143, -0.02233395352959633, 0.04443556070327759, -0.03786512836813927, 0.03774743899703026, 0.011336789466440678, -0.01262495294213295, 0.04271099343895912, 0.12052488327026367, 0.05142603814601898, 0.09004007279872894]

